##[Gaussian Mapper]Iteration 32081 keyframe id, used times, remaining times:
0 305 1
1 306 0
2 306 0
3 306 0
4 306 0
5 306 0
6 306 0
7 306 0
8 306 0
9 305 1
10 306 0
11 306 0
12 305 1
13 306 0
14 306 0
15 306 0
16 305 1
17 306 0
18 306 0
19 306 0
20 305 1
21 305 1
22 306 0
23 305 1
24 306 0
25 305 1
26 305 1
27 305 1
28 305 1
29 306 0
30 305 1
31 305 1
32 305 1
33 305 1
34 306 0
35 306 0
36 306 0
37 305 1
38 305 1
39 306 0
40 305 1
41 306 0
42 305 1
43 305 1
44 306 0
45 306 0
46 306 0
47 306 0
48 306 0
49 305 1
50 306 0
51 305 1
52 306 0
53 305 1
54 305 1
55 306 0
56 306 0
57 305 1
58 305 1
59 306 0
60 305 1
61 305 1
62 306 0
63 305 1
64 306 0
65 305 1
66 306 0
67 306 0
68 305 1
69 305 1
70 305 1
71 305 1
72 305 1
73 305 1
74 305 1
75 306 0
76 305 1
77 306 0
78 305 1
79 306 0
80 305 1
81 306 0
82 305 1
83 305 1
84 306 0
85 306 0
86 305 1
87 306 0
88 306 0
89 306 0
90 306 0
91 306 0
92 306 0
93 306 0
94 306 0
95 306 0
96 305 1
97 306 0
98 306 0
99 305 1
100 305 1
101 305 1
102 306 0
103 305 1
104 305 1
##=========================================
