##[Gaussian Mapper]keyframe id, dssim
0 0.8420993090
1 0.8567287326
2 0.8374826312
3 0.8211781383
4 0.8308515549
5 0.8287206888
6 0.8457869291
7 0.8399130702
8 0.8380023837
9 0.8459591866
10 0.8479505777
11 0.8413380980
12 0.8468825221
13 0.8372182250
14 0.8403531313
15 0.8444625735
16 0.8472431898
17 0.8398928046
18 0.8282084465
19 0.8076295257
20 0.8109318614
21 0.8310718536
22 0.8351267576
23 0.8064064384
24 0.8296725154
25 0.8242458105
26 0.8242654800
27 0.8300567865
28 0.8318068385
29 0.8200087547
30 0.8404089808
31 0.8389592171
32 0.8453230262
33 0.8368737102
34 0.8391985297
35 0.8332376480
36 0.8132502437
37 0.8249939680
38 0.8130576611
39 0.8543124199
40 0.8246514201
41 0.8303350210
42 0.8309581280
43 0.8202843666
44 0.8243455887
45 0.8410770297
46 0.8357678652
47 0.8343443274
48 0.8274441957
49 0.8293663263
50 0.8279290199
51 0.8246999979
52 0.8129488230
53 0.8173723221
54 0.8184379339
55 0.8241374493
56 0.8284952641
57 0.8501358032
58 0.8451101780
59 0.8556064367
60 0.8644890785
61 0.8624913692
62 0.8438944817
63 0.8248138428
64 0.8297615051
65 0.8344383240
66 0.8388071060
67 0.8430871367
68 0.8371020555
69 0.8510309458
70 0.8483471870
71 0.8358391523
72 0.8408403397
73 0.8416112661
74 0.8571164012
75 0.8358055949
76 0.8454090953
77 0.8431634903
78 0.8373958468
79 0.8393741846
80 0.8537100554
81 0.8602628708
82 0.8625118732
83 0.8639148474
84 0.8648530841
85 0.8713912964
86 0.8610076308
87 0.8538012505
88 0.8450560570
89 0.8298270106
90 0.8293973804
91 0.8237136602
92 0.8203713894
93 0.8206542730
94 0.8093339205
95 0.8172320724
96 0.8178710938
97 0.8152810931
98 0.8259997368
99 0.8357131481
100 0.8233610392
101 0.8226792812
102 0.8234726191
103 0.8028051257
104 0.8080153465
