##[Gaussian Mapper]keyframe id, psnr_gaussian_splatting
0 25.8420066833
1 26.7371330261
2 25.9978275299
3 25.7910823822
4 25.9476833344
5 26.6533355713
6 27.3911743164
7 27.0967750549
8 27.1169242859
9 27.0678977966
10 26.6804122925
11 26.8332290649
12 26.6327304840
13 26.7170410156
14 27.2579078674
15 26.7957592010
16 27.2709541321
17 27.1801261902
18 27.8880500793
19 27.2751216888
20 27.4335441589
21 27.2808036804
22 27.2480812073
23 27.1195793152
24 28.2566261292
25 27.3887214661
26 27.2015647888
27 27.9737510681
28 28.3647117615
29 27.4080543518
30 28.1975364685
31 26.9803600311
32 27.4257068634
33 27.4325714111
34 27.4803428650
35 27.8300857544
36 27.1621322632
37 27.9629974365
38 27.4114036560
39 27.8139266968
40 28.1505565643
41 28.1540184021
42 27.4322853088
43 27.0995292664
44 27.3660049438
45 27.3832778931
46 26.3440895081
47 27.3237953186
48 26.9739055634
49 27.1732997894
50 26.9891700745
51 26.3101100922
52 25.3070220947
53 26.4541854858
54 25.7024955750
55 26.3352870941
56 28.1109504700
57 28.3876018524
58 27.5236663818
59 28.2418518066
60 28.7672615051
61 28.9697875977
62 28.7252883911
63 28.6090698242
64 28.8586196899
65 28.8986282349
66 28.8408508301
67 28.8514499664
68 27.8927001953
69 27.7768173218
70 27.7160263062
71 27.4694633484
72 27.4110298157
73 27.1162033081
74 27.2666740417
75 28.0838356018
76 28.1463127136
77 29.0330886841
78 27.8903179169
79 28.1841430664
80 28.4080505371
81 28.1744842529
82 28.0686416626
83 28.0544738770
84 27.7452945709
85 28.8346385956
86 28.3397102356
87 27.9716720581
88 26.9855155945
89 26.4004173279
90 27.0987472534
91 26.8475341797
92 26.8284873962
93 27.5847778320
94 26.5083847046
95 26.7358245850
96 26.1582660675
97 26.0037193298
98 26.5429306030
99 26.4726409912
100 25.7524261475
101 26.0628547668
102 25.4111385345
103 23.7313232422
104 24.6495246887
