##[Gaussian Mapper]keyframe id, psnr
0 25.8367424011
1 26.7338466644
2 25.9943313599
3 25.7824611664
4 25.9421081543
5 26.6461677551
6 27.3857460022
7 27.0906867981
8 27.1133880615
9 27.0647239685
10 26.6694793701
11 26.8255786896
12 26.6229324341
13 26.7096805573
14 27.2543163300
15 26.7909584045
16 27.2674369812
17 27.1759185791
18 27.8866996765
19 27.2722721100
20 27.4305915833
21 27.2655677795
22 27.2426013947
23 27.1161155701
24 28.2490386963
25 27.3796386719
26 27.1939392090
27 27.9732589722
28 28.3642177582
29 27.4038600922
30 28.1959743500
31 26.9730854034
32 27.4219722748
33 27.4305610657
34 27.4778385162
35 27.8278884888
36 27.1611766815
37 27.9625282288
38 27.4092330933
39 27.8132553101
40 28.1501178741
41 28.1538658142
42 27.4278659821
43 27.0976543427
44 27.3641891479
45 27.3811416626
46 26.3394012451
47 27.3206977844
48 26.9669513702
49 27.1694412231
50 26.9847583771
51 26.2899742126
52 25.2944011688
53 26.4508514404
54 25.7003231049
55 26.3345642090
56 28.1092453003
57 28.3866405487
58 27.5230693817
59 28.2415561676
60 28.7656402588
61 28.9660282135
62 28.7226715088
63 28.6081142426
64 28.8573474884
65 28.8980484009
66 28.8396568298
67 28.8506584167
68 27.8894805908
69 27.7738647461
70 27.7103023529
71 27.4653282166
72 27.4094047546
73 27.1071224213
74 27.2595939636
75 28.0823097229
76 28.1434135437
77 29.0323486328
78 27.8874130249
79 28.1816768646
80 28.4066104889
81 28.1721000671
82 28.0664615631
83 28.0462722778
84 27.7407875061
85 28.8299579620
86 28.3365345001
87 27.9715309143
88 26.9841861725
89 26.3875484467
90 27.0896377563
91 26.8362426758
92 26.8227310181
93 27.5810127258
94 26.4994392395
95 26.7308998108
96 26.1566143036
97 26.0027694702
98 26.5416107178
99 26.4706821442
100 25.7499351501
101 26.0593032837
102 25.3991737366
103 23.7178955078
104 24.6322669983
