##[Gaussian Mapper]Render time statistics: keyframe id, time(milliseconds)
0 8.26775800
1 8.38277300
2 8.75520400
3 9.32586400
4 9.50124400
5 9.42662100
6 9.51834500
7 9.46115600
8 9.49938700
9 9.56109600
10 9.67278200
11 9.57413500
12 9.63326900
13 9.66580000
14 9.64717500
15 9.77026300
16 9.78095300
17 9.82658200
18 9.69256100
19 9.31367100
20 8.88091000
21 8.15896200
22 7.78988500
23 9.30078500
24 9.19117500
25 8.96951100
26 8.55059300
27 8.33353600
28 7.98073200
29 9.46178400
30 9.48932400
31 9.63335400
32 9.82347600
33 9.79196700
34 9.92995800
35 9.95463200
36 10.00721400
37 9.85316900
38 10.02771000
39 8.65764500
40 9.78687700
41 10.07811600
42 10.33822800
43 10.39543400
44 10.42413400
45 10.38314900
46 10.32724000
47 10.33933600
48 10.11878600
49 10.04711900
50 10.07015300
51 10.01435200
52 9.77248100
53 9.49322800
54 8.72715100
55 8.40313000
56 9.65982600
57 9.55342700
58 9.51945200
59 9.40955900
60 9.32383300
61 9.43222800
62 9.58717100
63 9.36612600
64 9.34869200
65 8.86412200
66 9.57209300
67 9.88320300
68 10.04596700
69 9.87398100
70 9.90633400
71 9.82046300
72 9.81941400
73 9.84053800
74 9.68979500
75 8.63479600
76 8.59476700
77 8.34577400
78 8.37700400
79 8.59815100
80 8.82492400
81 9.23650700
82 9.09557600
83 8.92775500
84 8.82833500
85 8.80885500
86 8.78041000
87 8.70677500
88 8.71715600
89 8.81896700
90 8.82014500
91 8.77676900
92 8.91953300
93 8.68104000
94 8.60642500
95 8.44857700
96 8.60655000
97 8.78878300
98 8.90237100
99 9.29786400
100 9.57417700
101 9.59530500
102 9.42148400
103 9.41906700
104 9.40578000
