##[Gaussian Mapper]Iteration 32081 keyframe id, used times, remaining times:
0 305 1
1 306 0
2 305 1
3 305 1
4 306 0
5 305 1
6 306 0
7 306 0
8 306 0
9 305 1
10 306 0
11 306 0
12 305 1
13 305 1
14 306 0
15 306 0
16 306 0
17 306 0
18 305 1
19 306 0
20 306 0
21 305 1
22 305 1
23 305 1
24 305 1
25 306 0
26 305 1
27 305 1
28 305 1
29 306 0
30 305 1
31 306 0
32 305 1
33 306 0
34 305 1
35 306 0
36 305 1
37 305 1
38 306 0
39 306 0
40 305 1
41 305 1
42 306 0
43 305 1
44 305 1
45 306 0
46 305 1
47 306 0
48 305 1
49 306 0
50 305 1
51 306 0
52 306 0
53 306 0
54 306 0
55 306 0
56 306 0
57 306 0
58 306 0
59 305 1
60 306 0
61 305 1
62 305 1
63 306 0
64 306 0
65 305 1
66 305 1
67 306 0
68 305 1
69 305 1
70 306 0
71 306 0
72 306 0
73 306 0
74 306 0
75 305 1
76 306 0
77 306 0
78 305 1
79 306 0
80 306 0
81 305 1
82 305 1
83 305 1
84 306 0
85 306 0
86 306 0
87 305 1
88 306 0
89 306 0
90 305 1
91 305 1
92 305 1
93 305 1
94 306 0
95 305 1
96 306 0
97 306 0
98 305 1
99 306 0
100 305 1
101 305 1
102 306 0
103 306 0
104 305 1
##=========================================
