##[Gaussian Mapper]keyframe id, dssim
0 0.7057384849
1 0.7140697837
2 0.7104531527
3 0.6995180845
4 0.6990968585
5 0.7005990744
6 0.7098730803
7 0.7087137103
8 0.7074077129
9 0.7032535076
10 0.7145757675
11 0.7088481784
12 0.7118825316
13 0.7185444236
14 0.7181568146
15 0.7130081058
16 0.7151286602
17 0.7109157443
18 0.7011423111
19 0.7003048658
20 0.6959922314
21 0.7269802094
22 0.7447602749
23 0.7040125132
24 0.7082884312
25 0.7193188667
26 0.7159676552
27 0.7250146866
28 0.7312123179
29 0.7176281810
30 0.7260849476
31 0.7233585119
32 0.7318663001
33 0.7333663702
34 0.7367250323
35 0.7335352302
36 0.7121833563
37 0.7093910575
38 0.7047805786
39 0.7452754974
40 0.7081454992
41 0.7044872046
42 0.7129871845
43 0.7163355350
44 0.7143772840
45 0.7163398266
46 0.7198097110
47 0.7101675868
48 0.7040712237
49 0.7025778294
50 0.6930835247
51 0.6846385002
52 0.6847797632
53 0.6786901355
54 0.6618702412
55 0.6491882801
56 0.7142645717
57 0.7522494197
58 0.7572158575
59 0.7583891153
60 0.7629485130
61 0.7778276801
62 0.7440580130
63 0.7205871940
64 0.7268912196
65 0.7241675258
66 0.7156874537
67 0.7100598216
68 0.6967136860
69 0.7105035782
70 0.7049357891
71 0.7153277397
72 0.7166478038
73 0.7313416004
74 0.7302290201
75 0.7219885588
76 0.7413313389
77 0.7376562953
78 0.7308443785
79 0.7254917026
80 0.7489708662
81 0.7664243579
82 0.7686218619
83 0.7681871653
84 0.7670081854
85 0.7599279284
86 0.7435175776
87 0.7235991359
88 0.7162084579
89 0.7053281665
90 0.7008479834
91 0.6979534030
92 0.6923014522
93 0.6768157482
94 0.6674281359
95 0.6811841726
96 0.6802160144
97 0.6864316463
98 0.6839315295
99 0.6954431534
100 0.6774443388
101 0.6515403986
102 0.6594752669
103 0.6632405519
104 0.6620219946
