##[Gaussian Mapper]keyframe id, psnr_gaussian_splatting
0 21.6283073425
1 22.1454830170
2 21.2257423401
3 21.6862640381
4 21.9395809174
5 22.0687141418
6 22.5202350616
7 22.9126949310
8 22.1717643738
9 21.9203186035
10 22.2326755524
11 21.8147888184
12 21.5998840332
13 22.7956542969
14 22.5550861359
15 22.3127441406
16 22.6682662964
17 22.4318027496
18 23.0795879364
19 23.1263446808
20 22.2150382996
21 22.4446144104
22 21.5216159821
23 23.2160949707
24 22.8722667694
25 23.2703170776
26 22.0993690491
27 22.7327175140
28 23.3600654602
29 22.8593273163
30 22.1817817688
31 21.3164978027
32 21.6272068024
33 21.2888317108
34 21.2906818390
35 22.0984439850
36 22.9548454285
37 22.8384742737
38 22.6125717163
39 22.4383888245
40 22.6117897034
41 23.0476665497
42 22.7635002136
43 23.2846546173
44 23.0094432831
45 22.1233673096
46 22.6961288452
47 22.4062328339
48 22.0979976654
49 22.4846477509
50 21.8385677338
51 21.3698101044
52 21.7360458374
53 21.3354377747
54 20.2791213989
55 20.0255584717
56 22.8812446594
57 23.4503135681
58 23.7558822632
59 23.2036228180
60 22.8832397461
61 24.0390129089
62 23.3810062408
63 23.5209274292
64 24.2959976196
65 24.0280227661
66 23.5707321167
67 23.2710056305
68 22.2804050446
69 22.1472625732
70 21.8805122375
71 22.1120452881
72 21.9067840576
73 22.6379203796
74 22.2316207886
75 21.6646423340
76 22.6513862610
77 22.5764732361
78 21.2495193481
79 20.7941207886
80 22.5552177429
81 23.2483139038
82 22.9468917847
83 22.5870361328
84 22.9902343750
85 23.1399154663
86 21.9154720306
87 20.9484291077
88 20.8157501221
89 20.6979789734
90 21.3469161987
91 22.1123237610
92 21.8241958618
93 21.5883407593
94 20.7838783264
95 20.8254241943
96 20.7139396667
97 21.1415252686
98 21.0601425171
99 21.5133953094
100 21.6553840637
101 20.7854938507
102 20.0294914246
103 19.9080657959
104 19.7505702972
