##[Gaussian Mapper]keyframe id, psnr
0 21.6065826416
1 22.1274471283
2 21.2002353668
3 21.6603374481
4 21.9114112854
5 22.0318336487
6 22.4918327332
7 22.8941955566
8 22.1477012634
9 21.8985328674
10 22.2032585144
11 21.7788867950
12 21.5691719055
13 22.7777404785
14 22.5354537964
15 22.3034782410
16 22.6590843201
17 22.4083728790
18 23.0667343140
19 23.1168289185
20 22.1987705231
21 22.4166603088
22 21.5121097565
23 23.2105827332
24 22.8668403625
25 23.2627563477
26 22.0911006927
27 22.7299842834
28 23.3571281433
29 22.8500366211
30 22.1609077454
31 21.2945175171
32 21.6073150635
33 21.2669200897
34 21.2749652863
35 22.0845508575
36 22.9492378235
37 22.8349094391
38 22.5997638702
39 22.4217185974
40 22.5915908813
41 23.0268974304
42 22.7462787628
43 23.2756404877
44 22.9988784790
45 22.1010627747
46 22.6792430878
47 22.3868064880
48 22.0760688782
49 22.4605579376
50 21.8107128143
51 21.3374710083
52 21.7139453888
53 21.3152999878
54 20.2597923279
55 19.9941215515
56 22.8610630035
57 23.4431381226
58 23.7509899139
59 23.1892890930
60 22.8730316162
61 24.0334205627
62 23.3714637756
63 23.5105552673
64 24.2871074677
65 24.0242385864
66 23.5620975494
67 23.2627182007
68 22.2663002014
69 22.1342754364
70 21.8562126160
71 22.0887298584
72 21.8841819763
73 22.6213283539
74 22.2118415833
75 21.6635932922
76 22.6469535828
77 22.5623931885
78 21.2345542908
79 20.7835464478
80 22.5445098877
81 23.2433490753
82 22.9422359467
83 22.5775623322
84 22.9807662964
85 23.1343555450
86 21.9070510864
87 20.9432830811
88 20.8070831299
89 20.6601028442
90 21.3114166260
91 22.0879096985
92 21.8014984131
93 21.5677566528
94 20.7699699402
95 20.7944450378
96 20.7010822296
97 21.1366634369
98 21.0562820435
99 21.5029602051
100 21.6493263245
101 20.7773571014
102 20.0225791931
103 19.8871707916
104 19.7124252319
