##[Gaussian Mapper]Render time statistics: keyframe id, time(milliseconds)
0 4.29518700
1 4.90645200
2 4.43131400
3 5.15424800
4 4.59407800
5 4.59547000
6 4.69877800
7 4.71534100
8 5.31289100
9 4.71573000
10 6.02106200
11 4.95196300
12 4.83027600
13 6.30104600
14 6.47185000
15 4.70903500
16 4.82622500
17 4.64246800
18 4.49095700
19 5.26623700
20 4.25479300
21 4.29412800
22 3.92440200
23 4.40035900
24 5.58033900
25 9.54583000
26 5.17161000
27 3.91286800
28 5.45135500
29 4.45352700
30 5.69156400
31 4.55877800
32 4.54510000
33 4.65771100
34 6.76648300
35 6.48407300
36 4.85943200
37 4.73991000
38 4.86187400
39 5.47017500
40 4.73138200
41 5.04709700
42 5.03929900
43 5.13794600
44 6.96639500
45 6.28087800
46 5.09135500
47 5.12557900
48 5.09743400
49 6.75342700
50 6.72219100
51 6.08162600
52 4.99039500
53 7.26080900
54 4.67061100
55 5.67453800
56 4.71628900
57 4.68261300
58 4.71093900
59 6.51302000
60 6.03775200
61 4.78885400
62 4.74552800
63 4.61943600
64 5.01471000
65 4.42093100
66 4.70280100
67 4.79573900
68 4.93510500
69 6.98173500
70 6.81850500
71 5.06617900
72 5.15045100
73 6.90701500
74 6.41454100
75 5.53349300
76 4.15591800
77 4.19275900
78 4.09778400
79 5.47890000
80 4.49700500
81 4.79544700
82 4.89417700
83 5.06809500
84 6.19268200
85 4.79349500
86 5.12729000
87 5.81722000
88 4.56332300
89 4.71318900
90 4.51366600
91 6.25338100
92 5.32613000
93 4.51327300
94 4.52378400
95 4.42384000
96 6.30729900
97 4.90397300
98 4.72632700
99 4.97366400
100 5.61417200
101 7.99425000
102 5.70941100
103 4.96442200
104 4.90829200
