##[Gaussian Mapper]keyframe id, dssim
0 0.8123442531
1 0.8193650246
2 0.8015635014
3 0.7836860418
4 0.7863959074
5 0.7997390628
6 0.7992197871
7 0.8071436286
8 0.8050128818
9 0.8126100898
10 0.8099462390
11 0.8127759695
12 0.8048723936
13 0.8091977835
14 0.8068899512
15 0.8049141765
16 0.7997598648
17 0.7946420908
18 0.7772188187
19 0.7541725039
20 0.7622267604
21 0.7885468006
22 0.8026847839
23 0.7729513049
24 0.7832301855
25 0.7807755470
26 0.7854546309
27 0.7910283804
28 0.7931681871
29 0.7872786522
30 0.8007423282
31 0.7979522943
32 0.8035922050
33 0.8110488653
34 0.8018841743
35 0.8059532046
36 0.7876871824
37 0.7813197970
38 0.7784242630
39 0.8166703582
40 0.7825812101
41 0.7758671641
42 0.7856396437
43 0.7783255577
44 0.7814285159
45 0.7943360806
46 0.7841892242
47 0.7808575034
48 0.7812061310
49 0.7868523598
50 0.7895001769
51 0.7776031494
52 0.7683886886
53 0.7666194439
54 0.7530524135
55 0.7512947917
56 0.7841057777
57 0.8125998974
58 0.8125754595
59 0.8220057487
60 0.8312007189
61 0.8294057846
62 0.8125491142
63 0.7908417583
64 0.7921764255
65 0.7875830531
66 0.7956274748
67 0.7976999283
68 0.7959921360
69 0.8066153526
70 0.8023486137
71 0.7935633659
72 0.7984070182
73 0.8025534153
74 0.8103823662
75 0.7977195978
76 0.8096914291
77 0.8065378666
78 0.7992331386
79 0.7938418388
80 0.8134880066
81 0.8319528103
82 0.8272234797
83 0.8393511772
84 0.8357552290
85 0.8374961615
86 0.8275316954
87 0.8067746162
88 0.8059802055
89 0.7881643176
90 0.7919165492
91 0.7782992721
92 0.7781962156
93 0.7623614669
94 0.7595181465
95 0.7640150785
96 0.7596935034
97 0.7729706764
98 0.7754449248
99 0.7908511162
100 0.7627402544
101 0.7652856708
102 0.7643021345
103 0.7561947703
104 0.7550548911
