##[Gaussian Mapper]keyframe id, psnr_gaussian_splatting
0 24.8773212433
1 25.4151439667
2 24.9734020233
3 25.1306304932
4 24.6384468079
5 25.8190803528
6 25.8494071960
7 25.9553260803
8 26.0032253265
9 26.0198936462
10 25.6859302521
11 26.0273590088
12 24.8158168793
13 25.5228195190
14 26.0347442627
15 25.4278392792
16 25.8530273438
17 25.4979686737
18 26.4958000183
19 25.6400680542
20 25.8871154785
21 25.8154716492
22 25.5370159149
23 26.3883247375
24 26.8800640106
25 25.7631187439
26 25.9141750336
27 26.3273086548
28 27.0124015808
29 26.5307502747
30 26.8331813812
31 25.6490325928
32 26.0649299622
33 26.7935752869
34 25.5517883301
35 27.1140060425
36 26.6199645996
37 26.3693580627
38 26.2292633057
39 26.4892845154
40 27.1662807465
41 26.7239074707
42 26.5482425690
43 25.8459434509
44 26.1113529205
45 26.2633438110
46 24.7290992737
47 25.4774246216
48 25.6920623779
49 25.9848957062
50 25.9599533081
51 25.0603580475
52 24.2767887115
53 24.7732124329
54 23.7362499237
55 23.7025108337
56 26.7283153534
57 27.0090370178
58 26.5388336182
59 27.0063018799
60 27.5389366150
61 27.2602996826
62 27.5149250031
63 27.6855506897
64 27.8184509277
65 27.3785209656
66 27.7923870087
67 27.4042701721
68 26.3587226868
69 26.3884124756
70 26.1810379028
71 26.2094726562
72 26.0652904510
73 25.8750247955
74 25.6981163025
75 26.5418663025
76 26.6942024231
77 27.5148868561
78 25.8131294250
79 25.4200935364
80 26.5559291840
81 27.0651702881
82 26.2095165253
83 26.0718708038
84 26.2937507629
85 27.2455978394
86 27.0542945862
87 25.4847621918
88 25.2858924866
89 25.1115188599
90 25.9726238251
91 25.0984725952
92 25.6672573090
93 25.5672340393
94 24.9760246277
95 24.6462631226
96 24.0560798645
97 24.8718738556
98 24.8861675262
99 25.2738647461
100 24.2321929932
101 24.6763801575
102 23.8996505737
103 22.8453617096
104 23.3477668762
