##[Gaussian Mapper]keyframe id, psnr
0 24.8724651337
1 25.4080295563
2 24.9674625397
3 25.1248321533
4 24.6306953430
5 25.8137111664
6 25.8388481140
7 25.9479923248
8 25.9991531372
9 26.0133094788
10 25.6680278778
11 26.0182590485
12 24.7981357574
13 25.5122394562
14 26.0291080475
15 25.4201049805
16 25.8480186462
17 25.4871978760
18 26.4940490723
19 25.6351509094
20 25.8833999634
21 25.7872352600
22 25.5291137695
23 26.3858890533
24 26.8710823059
25 25.7481384277
26 25.9040718079
27 26.3247032166
28 27.0119171143
29 26.5235614777
30 26.8291358948
31 25.6403007507
32 26.0594024658
33 26.7917366028
34 25.5475444794
35 27.1117000580
36 26.6188812256
37 26.3687438965
38 26.2261199951
39 26.4887199402
40 27.1650276184
41 26.7221603394
42 26.5427761078
43 25.8403301239
44 26.1090660095
45 26.2600879669
46 24.7183628082
47 25.4690055847
48 25.6844043732
49 25.9740047455
50 25.9535980225
51 25.0453929901
52 24.2698287964
53 24.7673587799
54 23.7318038940
55 23.6990509033
56 26.7252902985
57 27.0083217621
58 26.5376377106
59 27.0045681000
60 27.5370769501
61 27.2562217712
62 27.5062828064
63 27.6832561493
64 27.8171958923
65 27.3770561218
66 27.7909431458
67 27.4028167725
68 26.3527984619
69 26.3863296509
70 26.1676902771
71 26.1999416351
72 26.0632553101
73 25.8648014069
74 25.6896228790
75 26.5384311676
76 26.6881637573
77 27.5131988525
78 25.8080101013
79 25.4120845795
80 26.5532798767
81 27.0630874634
82 26.2082271576
83 26.0612907410
84 26.2899971008
85 27.2400016785
86 27.0521354675
87 25.4811496735
88 25.2835998535
89 25.1012725830
90 25.9526634216
91 25.0887756348
92 25.6582679749
93 25.5620040894
94 24.9636497498
95 24.6352558136
96 24.0533599854
97 24.8698501587
98 24.8852062225
99 25.2722721100
100 24.2301673889
101 24.6735572815
102 23.8903961182
103 22.8272895813
104 23.3310356140
