##[Gaussian Mapper]Render time statistics: keyframe id, time(milliseconds)
0 6.66260400
1 6.84601100
2 7.00312400
3 7.49114300
4 7.99130200
5 7.79028600
6 7.94842200
7 7.74824300
8 7.71216700
9 7.66472600
10 7.68149800
11 7.71784000
12 7.74696100
13 7.81925800
14 7.86115200
15 7.78199200
16 7.64956400
17 7.78719400
18 7.38625500
19 7.12146900
20 6.99091200
21 6.35318200
22 6.23853500
23 7.20866600
24 7.24712800
25 7.27504300
26 6.91054000
27 6.51354100
28 6.23693000
29 7.77066300
30 7.52715500
31 7.67840200
32 7.70509700
33 7.92859500
34 7.91840100
35 7.93795900
36 8.01278500
37 8.07150200
38 7.95221100
39 7.05422700
40 7.79633600
41 7.95798000
42 8.11387200
43 8.31192900
44 8.25592000
45 8.37399400
46 8.41638300
47 8.26095200
48 8.22301200
49 8.31439300
50 8.24542100
51 8.20375700
52 7.85762400
53 7.60135900
54 6.94753500
55 6.66557300
56 7.58137000
57 7.33380000
58 7.32656200
59 7.36954100
60 7.44931500
61 7.40185600
62 7.64694200
63 7.38556200
64 7.84210100
65 6.91004600
66 7.47681300
67 7.85030600
68 8.02788800
69 8.10189800
70 8.14070500
71 7.96605600
72 8.09076200
73 7.97949800
74 7.82759100
75 6.68581900
76 6.75435300
77 6.63772400
78 6.47894500
79 6.70552000
80 7.11551000
81 7.39446800
82 7.46160500
83 7.29882300
84 7.24690800
85 7.38492000
86 7.17039100
87 6.89302700
88 6.90416100
89 7.05912300
90 7.03804300
91 6.99124600
92 6.96583800
93 6.85302000
94 6.92747600
95 6.66413400
96 7.07468900
97 7.04546800
98 7.18173600
99 7.59697500
100 7.68279700
101 7.82753100
102 7.77680100
103 7.64796900
104 7.55202200
