##[Gaussian Mapper]keyframe id, dssim
0 0.7686197162
1 0.7801880836
2 0.7774732113
3 0.7603911161
4 0.7645816207
5 0.7651319504
6 0.7669020891
7 0.7707845569
8 0.7703978419
9 0.7719110250
10 0.7727975845
11 0.7768124342
12 0.7755084038
13 0.7707438469
14 0.7739051580
15 0.7687433958
16 0.7685192823
17 0.7641193271
18 0.7543341517
19 0.7389626503
20 0.7435555458
21 0.7652391195
22 0.7902740240
23 0.7516059875
24 0.7623776197
25 0.7587272525
26 0.7664515376
27 0.7636177540
28 0.7662435770
29 0.7678154707
30 0.7803682089
31 0.7820118666
32 0.7820085287
33 0.7933547497
34 0.7864679694
35 0.7849754095
36 0.7717716098
37 0.7717345953
38 0.7567798495
39 0.7895358801
40 0.7625014186
41 0.7578389049
42 0.7614574432
43 0.7566799521
44 0.7610871196
45 0.7601714134
46 0.7658014297
47 0.7589942813
48 0.7601017952
49 0.7611472011
50 0.7599277496
51 0.7409933805
52 0.7329160571
53 0.7311987877
54 0.7157913446
55 0.7076640129
56 0.7591335773
57 0.7923650742
58 0.7932335734
59 0.8057179451
60 0.8088542819
61 0.8140882254
62 0.7928586006
63 0.7728187442
64 0.7719893456
65 0.7746583223
66 0.7740070820
67 0.7754067183
68 0.7729813457
69 0.7866309881
70 0.7836790085
71 0.7730548382
72 0.7806655169
73 0.7848445177
74 0.7925642729
75 0.7716256380
76 0.7859236598
77 0.7875757217
78 0.7772870064
79 0.7840971947
80 0.7954503894
81 0.8090984225
82 0.8104108572
83 0.8143612146
84 0.8121168017
85 0.8105646968
86 0.7990676165
87 0.7873360515
88 0.7805463672
89 0.7552047968
90 0.7621995807
91 0.7551621199
92 0.7563039660
93 0.7358067036
94 0.7309578657
95 0.7324227095
96 0.7323609591
97 0.7434229255
98 0.7498211861
99 0.7696003914
100 0.7456836700
101 0.7369462848
102 0.7428321838
103 0.7206845284
104 0.7339183688
