##[Gaussian Mapper]keyframe id, psnr_gaussian_splatting
0 23.7179183960
1 24.6888961792
2 24.1400985718
3 24.2033424377
4 24.2179775238
5 24.6535491943
6 24.8771095276
7 25.1159820557
8 25.1175804138
9 24.9382114410
10 24.5249443054
11 25.0145111084
12 24.4801597595
13 24.8042011261
14 25.1949691772
15 24.8572750092
16 24.8989830017
17 24.5267086029
18 26.0536670685
19 25.1324424744
20 24.9884834290
21 24.3686084747
22 24.9582767487
23 25.6985740662
24 25.9499015808
25 25.0493526459
26 25.2666187286
27 24.9463424683
28 25.6369895935
29 25.5976142883
30 25.8668403625
31 24.9426174164
32 25.0367259979
33 25.7675552368
34 25.0573711395
35 25.7544116974
36 26.1211757660
37 26.3347587585
38 25.4851341248
39 25.3231143951
40 26.1695880890
41 26.2256774902
42 25.5413398743
43 25.0984306335
44 25.4787540436
45 24.5521831512
46 24.4431896210
47 24.4011001587
48 24.7857379913
49 24.7256374359
50 24.7739620209
51 23.9746131897
52 23.1471672058
53 23.6005573273
54 22.5263824463
55 22.1452941895
56 25.5237808228
57 25.9008808136
58 25.5867996216
59 26.2747573853
60 26.2115287781
61 26.5150413513
62 26.8387222290
63 26.7066841125
64 26.9218597412
65 27.0423965454
66 26.7580184937
67 26.0896205902
68 25.4056968689
69 25.3536567688
70 25.3057384491
71 24.9334220886
72 25.3828716278
73 25.0005054474
74 24.8643875122
75 24.8634757996
76 25.2909564972
77 26.1050071716
78 24.8711090088
79 25.0709247589
80 25.6804943085
81 25.8063602448
82 25.4276847839
83 25.8082351685
84 25.7917690277
85 25.9548072815
86 25.7459068298
87 25.1889228821
88 24.5890979767
89 23.5208358765
90 24.8387432098
91 24.3206691742
92 24.8594207764
93 24.2939147949
94 23.7200164795
95 23.3550071716
96 22.9931545258
97 23.7129783630
98 24.0280952454
99 24.4194755554
100 23.7139682770
101 23.5610485077
102 23.2933959961
103 21.8436775208
104 22.7891635895
