##[Gaussian Mapper]keyframe id, psnr
0 23.7109184265
1 24.6836395264
2 24.1326828003
3 24.1953201294
4 24.2109680176
5 24.6434993744
6 24.8658714294
7 25.1043434143
8 25.1128559113
9 24.9260883331
10 24.5041122437
11 25.0029544830
12 24.4610385895
13 24.7952041626
14 25.1867752075
15 24.8534011841
16 24.8931903839
17 24.5146083832
18 26.0502071381
19 25.1258659363
20 24.9804496765
21 24.3373889923
22 24.9496498108
23 25.6935520172
24 25.9376945496
25 25.0357799530
26 25.2562999725
27 24.9442195892
28 25.6356849670
29 25.5902004242
30 25.8588905334
31 24.9281730652
32 25.0267105103
33 25.7631568909
34 25.0523529053
35 25.7487468719
36 26.1195793152
37 26.3343429565
38 25.4837951660
39 25.3206272125
40 26.1656112671
41 26.2240619659
42 25.5329475403
43 25.0926513672
44 25.4763031006
45 24.5416374207
46 24.4322566986
47 24.3930549622
48 24.7713813782
49 24.7114982605
50 24.7605438232
51 23.9584197998
52 23.1348266602
53 23.5927009583
54 22.5180358887
55 22.1351985931
56 25.5138244629
57 25.8976268768
58 25.5846633911
59 26.2715301514
60 26.2071056366
61 26.5069885254
62 26.8317985535
63 26.7001342773
64 26.9173069000
65 27.0415897369
66 26.7537422180
67 26.0865173340
68 25.3962249756
69 25.3417377472
70 25.2844524384
71 24.9186134338
72 25.3774814606
73 24.9875640869
74 24.8505496979
75 24.8569011688
76 25.2799587250
77 26.1019554138
78 24.8642616272
79 25.0636653900
80 25.6755714417
81 25.8020496368
82 25.4258766174
83 25.8059501648
84 25.7893009186
85 25.9504985809
86 25.7412929535
87 25.1869297028
88 24.5852241516
89 23.5045909882
90 24.8163871765
91 24.2988586426
92 24.8479747772
93 24.2828197479
94 23.7052040100
95 23.3314418793
96 22.9848480225
97 23.7100257874
98 24.0270633698
99 24.4171295166
100 23.7105064392
101 23.5567569733
102 23.2873649597
103 21.8239498138
104 22.7707176208
