##[Gaussian Mapper]Render time statistics: keyframe id, time(milliseconds)
0 5.93807600
1 5.91010600
2 6.07182100
3 6.50193100
4 6.70440800
5 6.69605100
6 6.75708000
7 6.78318100
8 6.73893400
9 6.62081400
10 6.75186400
11 6.75931500
12 6.64350600
13 6.82096800
14 6.87483500
15 6.67404000
16 6.88521200
17 6.81076900
18 6.82397200
19 6.59059000
20 6.09392000
21 5.78032200
22 5.59273100
23 6.53014200
24 6.65825400
25 6.10161200
26 6.04124700
27 5.64230400
28 5.28012300
29 6.83336200
30 6.79962900
31 6.91573300
32 6.97442300
33 7.09330600
34 7.25693600
35 7.19493200
36 7.35484600
37 7.36672400
38 7.36136500
39 6.11733800
40 6.99082600
41 6.98048600
42 7.13271000
43 7.17847200
44 7.34310100
45 7.32594800
46 7.39988900
47 7.38167800
48 7.23986800
49 7.30589200
50 7.38663600
51 7.17693600
52 6.96178500
53 6.79383900
54 6.21981100
55 5.97684200
56 6.73843900
57 6.55055500
58 6.55149000
59 6.55593000
60 6.71229900
61 6.74449300
62 6.80391600
63 6.61084500
64 6.47742200
65 6.27716000
66 6.94558100
67 7.02644100
68 7.11354000
69 7.47029100
70 7.34884900
71 7.06840200
72 7.09574000
73 7.22471300
74 7.13117300
75 6.02348300
76 6.06765400
77 5.83987300
78 5.79692300
79 5.99728200
80 6.28893400
81 6.47845300
82 6.44751200
83 6.41400600
84 6.22681500
85 6.24611200
86 6.22844900
87 6.17229300
88 6.14589800
89 6.04029400
90 6.17249900
91 6.18715400
92 6.18791000
93 6.08850600
94 5.91285100
95 5.81921400
96 6.12185500
97 6.20413200
98 6.28921800
99 6.57689700
100 6.69873800
101 6.71423300
102 6.69034200
103 6.41094100
104 6.38836100
