##[Gaussian Mapper]keyframe id, dssim
0 0.7249274254
1 0.7352148890
2 0.7349895239
3 0.7081119418
4 0.7111346126
5 0.7107216716
6 0.7180806398
7 0.7205609083
8 0.7234748602
9 0.7184974551
10 0.7319272757
11 0.7229007483
12 0.7252416015
13 0.7269883156
14 0.7268280983
15 0.7269315720
16 0.7270531058
17 0.7184752226
18 0.7086700201
19 0.7158569098
20 0.7079097033
21 0.7335114479
22 0.7552935481
23 0.7111538649
24 0.7122390270
25 0.7141491771
26 0.7244593501
27 0.7361524105
28 0.7361978292
29 0.7283909321
30 0.7351252437
31 0.7363123894
32 0.7383245230
33 0.7417518497
34 0.7461768985
35 0.7418138981
36 0.7253651619
37 0.7167705297
38 0.7209045291
39 0.7605344653
40 0.7199355960
41 0.7151276469
42 0.7287802100
43 0.7364183664
44 0.7276024818
45 0.7248758078
46 0.7278630137
47 0.7227542400
48 0.7141731977
49 0.7184962034
50 0.7210582495
51 0.6999735832
52 0.7032761574
53 0.6926687956
54 0.6749467850
55 0.6717876196
56 0.7268030047
57 0.7537047267
58 0.7655366659
59 0.7629601359
60 0.7728676796
61 0.7803069949
62 0.7602378130
63 0.7306120396
64 0.7331559658
65 0.7292042971
66 0.7324323654
67 0.7308287621
68 0.7179100513
69 0.7207818031
70 0.7368378639
71 0.7261991501
72 0.7366327047
73 0.7373804450
74 0.7468079329
75 0.7345187068
76 0.7563599348
77 0.7496120334
78 0.7350241542
79 0.7395254970
80 0.7621690035
81 0.7758898735
82 0.7784307003
83 0.7784187198
84 0.7719113827
85 0.7660216093
86 0.7492849231
87 0.7360327244
88 0.7280426025
89 0.7146021724
90 0.7063192129
91 0.7111572027
92 0.7050405741
93 0.6843549013
94 0.6819793582
95 0.6925749183
96 0.6855854392
97 0.6946148872
98 0.7061452866
99 0.7184578776
100 0.6977480650
101 0.6725345850
102 0.6642016768
103 0.6646060348
104 0.6827322245
