##[Gaussian Mapper]keyframe id, psnr_gaussian_splatting
0 22.1248226166
1 22.7856349945
2 22.2383594513
3 22.0158004761
4 22.2300891876
5 22.0933227539
6 22.5802516937
7 23.0873031616
8 22.9365501404
9 22.2516727448
10 22.8986167908
11 22.1677875519
12 22.0237522125
13 22.5705795288
14 22.6534118652
15 22.7685127258
16 23.2460556030
17 22.5996685028
18 23.3875656128
19 23.6090373993
20 22.8670501709
21 22.4748458862
22 21.7977619171
23 23.1600570679
24 23.0752258301
25 22.6308917999
26 22.4231300354
27 23.5122680664
28 23.8600063324
29 23.4113769531
30 22.8271102905
31 22.2234306335
32 22.2094116211
33 21.6316223145
34 21.6172180176
35 22.4243202209
36 23.7702026367
37 23.1763191223
38 23.4200382233
39 23.3572483063
40 23.3150939941
41 23.2657470703
42 23.3300571442
43 24.0422782898
44 23.4719161987
45 22.4804019928
46 22.7249126434
47 22.8935527802
48 22.5105571747
49 22.8092918396
50 22.9897918701
51 21.7951622009
52 22.2696914673
53 21.7891979218
54 20.6970901489
55 20.7723999023
56 23.5255317688
57 23.5099048615
58 24.0063476562
59 23.0230045319
60 22.9428901672
61 24.0764503479
62 24.4155101776
63 23.8897399902
64 24.2776069641
65 24.1841087341
66 24.1658477783
67 24.0300750732
68 22.9420242310
69 22.3588161469
70 23.2283782959
71 22.3242607117
72 22.6319732666
73 22.8333549500
74 22.8189544678
75 22.4643669128
76 23.7431430817
77 23.1115436554
78 21.0416431427
79 21.6784191132
80 23.3044052124
81 23.6914710999
82 23.4551124573
83 23.1632423401
84 23.3140602112
85 23.5139274597
86 22.5514965057
87 21.4290618896
88 21.3562412262
89 21.1732959747
90 21.6030292511
91 22.4826850891
92 22.2804260254
93 21.7689990997
94 21.2185897827
95 21.4179134369
96 21.0729064941
97 21.6161632538
98 21.9760875702
99 22.4724998474
100 22.3345775604
101 21.5823402405
102 20.0308647156
103 19.6957187653
104 20.4802894592
