##[Gaussian Mapper]keyframe id, psnr
0 22.1036376953
1 22.7692050934
2 22.1986789703
3 21.9872646332
4 22.2032642365
5 22.0694465637
6 22.5575370789
7 23.0755615234
8 22.9234714508
9 22.2302036285
10 22.8668060303
11 22.1336212158
12 21.9835186005
13 22.5519657135
14 22.6356086731
15 22.7521591187
16 23.2349929810
17 22.5757808685
18 23.3791141510
19 23.6008167267
20 22.8564033508
21 22.4434452057
22 21.7937946320
23 23.1571540833
24 23.0679512024
25 22.6236915588
26 22.4112873077
27 23.5088806152
28 23.8574962616
29 23.4012508392
30 22.8046875000
31 22.1993522644
32 22.1848125458
33 21.6074752808
34 21.5968971252
35 22.4044132233
36 23.7656478882
37 23.1725406647
38 23.4118385315
39 23.3456611633
40 23.3004741669
41 23.2527542114
42 23.3164482117
43 24.0343952179
44 23.4610557556
45 22.4638366699
46 22.7104644775
47 22.8790283203
48 22.4899063110
49 22.7858943939
50 22.9659481049
51 21.7603569031
52 22.2488517761
53 21.7774581909
54 20.6779098511
55 20.7485389709
56 23.5075340271
57 23.4999446869
58 24.0024147034
59 23.0064086914
60 22.9336662292
61 24.0699024200
62 24.4085235596
63 23.8801555634
64 24.2708930969
65 24.1773891449
66 24.1605720520
67 24.0210952759
68 22.9284515381
69 22.3429450989
70 23.2070693970
71 22.3013954163
72 22.6145706177
73 22.8172378540
74 22.7941703796
75 22.4599246979
76 23.7341899872
77 23.0957431793
78 21.0329589844
79 21.6677017212
80 23.2932929993
81 23.6897754669
82 23.4476184845
83 23.1575355530
84 23.3076953888
85 23.5090160370
86 22.5442199707
87 21.4240741730
88 21.3456039429
89 21.1509723663
90 21.5696411133
91 22.4622955322
92 22.2556037903
93 21.7470264435
94 21.1955757141
95 21.3868255615
96 21.0575561523
97 21.6083145142
98 21.9714202881
99 22.4645309448
100 22.3310890198
101 21.5779571533
102 20.0243206024
103 19.6736221313
104 20.4508628845
