##[Gaussian Mapper]Render time statistics: keyframe id, time(milliseconds)
0 4.74132400
1 5.72916900
2 4.92461100
3 5.12049000
4 5.24700600
5 5.52426500
6 5.26621200
7 5.38171600
8 5.42079100
9 5.35246300
10 5.45005700
11 5.47114500
12 5.39641200
13 5.39824400
14 6.32208900
15 5.42355000
16 5.42327100
17 5.40050800
18 5.28866700
19 5.16812400
20 4.91417900
21 4.59997100
22 4.42508900
23 5.23887500
24 5.17281300
25 5.05931800
26 4.73795200
27 4.56267600
28 4.43961000
29 5.21817000
30 5.66809100
31 5.32692500
32 5.53823400
33 5.60118700
34 5.65888200
35 5.56459400
36 6.61587400
37 5.67378300
38 5.49968500
39 4.86700700
40 6.35753900
41 5.64006100
42 5.71059700
43 5.81148800
44 5.83083200
45 5.86723900
46 6.89505400
47 6.02461400
48 5.94111000
49 5.94918300
50 5.96894600
51 5.74398800
52 5.75814800
53 5.60330400
54 5.11123600
55 5.05401500
56 5.52028200
57 5.37352400
58 5.37810200
59 5.41109300
60 5.35516200
61 6.94487600
62 5.45736200
63 5.21536300
64 5.18516700
65 6.18343100
66 5.36974000
67 5.53225900
68 5.79363300
69 5.92464900
70 7.43049400
71 7.57634900
72 5.75044800
73 5.78530500
74 5.86427200
75 4.80492500
76 4.78167900
77 4.74176400
78 4.67127100
79 4.83592900
80 6.25154100
81 5.22640500
82 5.57648300
83 5.28251800
84 5.13873700
85 5.14307300
86 5.07430200
87 4.99466900
88 5.02928100
89 5.15545200
90 5.47483000
91 5.04398900
92 4.99694200
93 4.95367900
94 5.03901600
95 4.79699000
96 4.98334200
97 5.04450700
98 5.17252100
99 5.43031000
100 5.56241400
101 5.50878200
102 5.57983600
103 6.49173400
104 5.51192300
