##[Gaussian Mapper]Iteration 32081 keyframe id, used times, remaining times:
0 306 0
1 306 0
2 305 1
3 305 1
4 305 1
5 305 1
6 305 1
7 305 1
8 305 1
9 305 1
10 306 0
11 306 0
12 306 0
13 306 0
14 306 0
15 306 0
16 306 0
17 305 1
18 306 0
19 305 1
20 306 0
21 306 0
22 306 0
23 306 0
24 305 1
25 306 0
26 306 0
27 305 1
28 305 1
29 306 0
30 306 0
31 306 0
32 306 0
33 306 0
34 306 0
35 306 0
36 306 0
37 305 1
38 306 0
39 306 0
40 305 1
41 305 1
42 306 0
43 306 0
44 306 0
45 305 1
46 305 1
47 306 0
48 306 0
49 305 1
50 305 1
51 305 1
52 305 1
53 305 1
54 305 1
55 305 1
56 306 0
57 306 0
58 306 0
59 306 0
60 306 0
61 306 0
62 305 1
63 306 0
64 305 1
65 305 1
66 305 1
67 305 1
68 306 0
69 305 1
70 306 0
71 306 0
72 306 0
73 305 1
74 306 0
75 306 0
76 305 1
77 306 0
78 305 1
79 305 1
80 306 0
81 306 0
82 305 1
83 305 1
84 306 0
85 305 1
86 305 1
87 306 0
88 305 1
89 305 1
90 306 0
91 306 0
92 305 1
93 305 1
94 306 0
95 305 1
96 306 0
97 305 1
98 305 1
99 305 1
100 306 0
101 305 1
102 306 0
103 306 0
104 305 1
##=========================================
