##[Gaussian Mapper]Iteration 8081 keyframe id, used times, remaining times:
0 77 0
1 77 0
2 77 0
3 77 0
4 77 0
5 77 0
6 77 0
7 77 0
8 77 0
9 77 0
10 77 0
11 77 0
12 77 0
13 77 0
14 77 0
15 77 0
16 77 0
17 77 0
18 77 0
19 77 0
20 77 0
21 77 0
22 77 0
23 77 0
24 77 0
25 77 0
26 77 0
27 77 0
28 77 0
29 77 0
30 77 0
31 77 0
32 77 0
33 77 0
34 77 0
35 77 0
36 77 0
37 77 0
38 77 0
39 77 0
40 77 0
41 77 0
42 77 0
43 77 0
44 77 0
45 77 0
46 77 0
47 77 0
48 77 0
49 77 0
50 77 0
51 77 0
52 77 0
53 76 1
54 77 0
55 76 1
56 77 0
57 77 0
58 77 0
59 77 0
60 77 0
61 77 0
62 77 0
63 76 1
64 77 0
65 77 0
66 77 0
67 77 0
68 77 0
69 77 0
70 77 0
71 77 0
72 77 0
73 77 0
74 77 0
75 77 0
76 77 0
77 77 0
78 77 0
79 77 0
80 77 0
81 77 0
82 77 0
83 77 0
84 77 0
85 77 0
86 77 0
87 77 0
88 77 0
89 77 0
90 77 0
91 77 0
92 77 0
93 77 0
94 77 0
95 77 0
96 77 0
97 77 0
98 76 1
99 77 0
100 77 0
101 77 0
102 77 0
103 77 0
104 77 0
##=========================================
